variant_id	batch_id	category	category_group	topic_id	editorial_role	semantic_group	output_mode	trigger	required_context	tone	interrupt_cost	cooldown_hours	semantic_cooldown_hours	max_per_day	weight	relationship_profile	text	review_status
authored.b018.technical.algorithms.greedy-exchange.0001	b018	Algorithms	technical	technical.algorithms.greedy_exchange	exchange_argument	technical.algorithms.greedy_exchange	self_talk	any	none	dry	1	168	192	1	1	neutral	贪心选择之前先写出它为什么不吃亏，直觉选最顺眼的那个元素，往往只是在替未来埋伏笔。	approved
authored.b018.technical.algorithms.greedy-exchange.0002	b018	Algorithms	technical	technical.algorithms.greedy_exchange	exchange_argument	technical.algorithms.greedy_exchange	self_talk	any	none	dry	1	168	192	1	1	neutral	交换论证的核心是把最优解慢慢换成贪心解，每一步都不变差，结论才站得住。	approved
authored.b018.technical.algorithms.greedy-exchange.0003	b018	Algorithms	technical	technical.algorithms.greedy_exchange	exchange_argument	technical.algorithms.greedy_exchange	self_talk	any	none	dry	1	168	192	1	1	neutral	排序规则若决定了贪心结果，比较器的次序就是算法的一部分，别把它当成无关细节。	approved
authored.b018.technical.algorithms.greedy-exchange.0004	b018	Algorithms	technical	technical.algorithms.greedy_exchange	exchange_argument	technical.algorithms.greedy_exchange	self_talk	any	none	dry	1	168	192	1	1	neutral	局部最优能否延伸到全局，要看剩余问题是否保留同样结构，不是每个看似简单的选择都能一路顺风。	approved
authored.b018.technical.algorithms.greedy-exchange.0005	b018	Algorithms	technical	technical.algorithms.greedy_exchange	exchange_argument	technical.algorithms.greedy_exchange	self_talk	any	none	dry	1	168	192	1	1	neutral	遇到多个同分候选时，确定的破平规则能让结果可复现，也能少掉一半偶发差异。	approved
authored.b018.technical.algorithms.greedy-exchange.0006	b018	Algorithms	technical	technical.algorithms.greedy_exchange	exchange_argument	technical.algorithms.greedy_exchange	self_talk	any	none	dry	1	168	192	1	1	neutral	先画出一个反例搜索方向，若很快找到局部选择害了后续的样本，贪心假设就该及时收回。	approved
authored.b018.technical.algorithms.greedy-exchange.0007	b018	Algorithms	technical	technical.algorithms.greedy_exchange	exchange_argument	technical.algorithms.greedy_exchange	self_talk	any	none	dry	1	168	192	1	1	neutral	贪心状态尽量只保留影响下一步的摘要，携带一整段历史会把简单策略拖回复杂搜索。	approved
authored.b018.technical.algorithms.greedy-exchange.0008	b018	Algorithms	technical	technical.algorithms.greedy_exchange	exchange_argument	technical.algorithms.greedy_exchange	self_talk	any	none	dry	1	168	192	1	1	neutral	证明里若需要反复补充特殊情况，先检查选择准则是否太宽泛，规则可能还没切到正确边界。	approved
authored.b018.technical.algorithms.greedy-exchange.0009	b018	Algorithms	technical	technical.algorithms.greedy_exchange	exchange_argument	technical.algorithms.greedy_exchange	self_talk	any	none	dry	1	168	192	1	1	neutral	最小生成树的安全边不是凭长度猜出来的，它依赖割把已选和未选的部分分得足够清楚。	approved
authored.b018.technical.algorithms.greedy-exchange.0010	b018	Algorithms	technical	technical.algorithms.greedy_exchange	exchange_argument	technical.algorithms.greedy_exchange	self_talk	any	none	dry	1	168	192	1	1	neutral	贪心算法的循环不变量应说明已经做出的选择为何仍可扩展，这比只描述循环做了什么更有用。	approved
authored.b018.technical.algorithms.greedy-exchange.0011	b018	Algorithms	technical	technical.algorithms.greedy_exchange	exchange_argument	technical.algorithms.greedy_exchange	self_talk	any	none	dry	1	168	192	1	1	neutral	若目标函数有负权或额外约束，原本熟悉的贪心顺序可能立刻失效，条件要写在算法名字旁边。	approved
authored.b018.technical.algorithms.greedy-exchange.0012	b018	Algorithms	technical	technical.algorithms.greedy_exchange	exchange_argument	technical.algorithms.greedy_exchange	self_talk	any	none	dry	1	168	192	1	1	neutral	每次选择后更新候选集时，删除规则要和证明同频，漏掉一个不可选元素就会让结果悄悄偏航。	approved
authored.b018.technical.algorithms.greedy-exchange.0013	b018	Algorithms	technical	technical.algorithms.greedy_exchange	exchange_argument	technical.algorithms.greedy_exchange	self_talk	any	none	dry	1	168	192	1	1	neutral	把贪心策略和暴力小规模答案对拍，能迅速检验那些看起来理所当然的交换步骤。	approved
authored.b018.technical.algorithms.greedy-exchange.0014	b018	Algorithms	technical	technical.algorithms.greedy_exchange	exchange_argument	technical.algorithms.greedy_exchange	self_talk	any	none	dry	1	168	192	1	1	neutral	优先队列只是拿到当前最好候选的工具，真正决定正确性的是候选被放进队列的资格。	approved
authored.b018.technical.algorithms.greedy-exchange.0015	b018	Algorithms	technical	technical.algorithms.greedy_exchange	exchange_argument	technical.algorithms.greedy_exchange	self_talk	any	none	dry	1	168	192	1	1	neutral	贪心里出现回退操作时要提高警觉，可能是策略需要修补，也可能是问题根本不是贪心结构。	approved
authored.b018.technical.algorithms.greedy-exchange.0016	b018	Algorithms	technical	technical.algorithms.greedy_exchange	exchange_argument	technical.algorithms.greedy_exchange	self_talk	any	none	dry	1	168	192	1	1	neutral	按结束时间排序的选择依赖区间定义一致，闭区间和半开区间混用会把边界样本算出两种答案。	approved
authored.b018.technical.algorithms.greedy-exchange.0017	b018	Algorithms	technical	technical.algorithms.greedy_exchange	exchange_argument	technical.algorithms.greedy_exchange	self_talk	any	none	dry	1	168	192	1	1	neutral	一个正确的局部选择往往能减少后续自由度，但减少的必须是无用自由度，不是解空间的关键分支。	approved
authored.b018.technical.algorithms.greedy-exchange.0018	b018	Algorithms	technical	technical.algorithms.greedy_exchange	exchange_argument	technical.algorithms.greedy_exchange	self_talk	any	none	dry	1	168	192	1	1	neutral	不同目标的排序标准不一定共用，最大数量和最小代价只差几个字，选择方向却可能完全相反。	approved
authored.b018.technical.algorithms.greedy-exchange.0019	b018	Algorithms	technical	technical.algorithms.greedy_exchange	exchange_argument	technical.algorithms.greedy_exchange	self_talk	any	none	dry	1	168	192	1	1	neutral	处理浮点权重时，比较相等的语义要先定好，不然同一份数据在不同平台会给出不同顺序。	approved
authored.b018.technical.algorithms.greedy-exchange.0020	b018	Algorithms	technical	technical.algorithms.greedy_exchange	exchange_argument	technical.algorithms.greedy_exchange	self_talk	any	none	dry	1	168	192	1	1	neutral	贪心证明写不下去时，把当前选择替换进任意最优解的过程逐格展开，漏洞通常会自己露出来。	approved
authored.b018.technical.algorithms.greedy-exchange.0021	b018	Algorithms	technical	technical.algorithms.greedy_exchange	exchange_argument	technical.algorithms.greedy_exchange	self_talk	any	none	dry	1	168	192	1	1	neutral	策略需要依赖输入已排序时，接口或前置步骤应说清楚，偷偷假设顺序会让复用者摔一跤。	approved
authored.b018.technical.algorithms.greedy-exchange.0022	b018	Algorithms	technical	technical.algorithms.greedy_exchange	exchange_argument	technical.algorithms.greedy_exchange	self_talk	any	none	dry	1	168	192	1	1	neutral	有些最优问题适合把最坏候选先处理掉，方向来自约束结构，不该只模仿熟悉题目的套路。	approved
authored.b018.technical.algorithms.greedy-exchange.0023	b018	Algorithms	technical	technical.algorithms.greedy_exchange	exchange_argument	technical.algorithms.greedy_exchange	self_talk	any	none	dry	1	168	192	1	1	neutral	候选集合为空的情况也属于算法路径，别让首个元素默认存在的假设偷走了边界正确性。	approved
authored.b018.technical.algorithms.greedy-exchange.0024	b018	Algorithms	technical	technical.algorithms.greedy_exchange	exchange_argument	technical.algorithms.greedy_exchange	self_talk	any	none	dry	1	168	192	1	1	neutral	当交换论证依赖等价替换时，确认替换后所有约束仍满足，目标值不变只是其中一半。	approved
authored.b018.technical.algorithms.greedy-exchange.0025	b018	Algorithms	technical	technical.algorithms.greedy_exchange	exchange_argument	technical.algorithms.greedy_exchange	self_talk	any	none	dry	1	168	192	1	1	neutral	贪心不是偷懒的代名词，它把大量搜索藏进一条被证明可靠的选择规则里。	approved
authored.b018.technical.algorithms.interval-scheduling.0001	b018	Algorithms	technical	technical.algorithms.interval_scheduling	temporal_constraint	technical.algorithms.interval_scheduling	self_talk	any	none	dry	1	168	192	1	1	neutral	区间调度先明确端点是否可共享，会议在十点结束和下一场十点开始能否并存，全看这条定义。	approved
authored.b018.technical.algorithms.interval-scheduling.0002	b018	Algorithms	technical	technical.algorithms.interval_scheduling	temporal_constraint	technical.algorithms.interval_scheduling	self_talk	any	none	dry	1	168	192	1	1	neutral	选最早结束的活动是为了给后面留下更多时间，不是因为结束时间天然更好看。	approved
authored.b018.technical.algorithms.interval-scheduling.0003	b018	Algorithms	technical	technical.algorithms.interval_scheduling	temporal_constraint	technical.algorithms.interval_scheduling	self_talk	any	none	dry	1	168	192	1	1	neutral	带权区间调度不能沿用无权贪心，收益一加入，跳过当前活动的价值就需要被认真比较。	approved
authored.b018.technical.algorithms.interval-scheduling.0004	b018	Algorithms	technical	technical.algorithms.interval_scheduling	temporal_constraint	technical.algorithms.interval_scheduling	self_talk	any	none	dry	1	168	192	1	1	neutral	时间线排序后记录每个任务前一个兼容位置，后续转移才不会在查找上反复绕路。	approved
authored.b018.technical.algorithms.interval-scheduling.0005	b018	Algorithms	technical	technical.algorithms.interval_scheduling	temporal_constraint	technical.algorithms.interval_scheduling	self_talk	any	none	dry	1	168	192	1	1	neutral	区间开始晚并不等于更合适，关键是它占用的尾部是否会挡住更多可选任务。	approved
authored.b018.technical.algorithms.interval-scheduling.0006	b018	Algorithms	technical	technical.algorithms.interval_scheduling	temporal_constraint	technical.algorithms.interval_scheduling	self_talk	any	none	dry	1	168	192	1	1	neutral	输入包含相同端点时，稳定排序能让破平行为明确，结果和测试也更容易复现。	approved
authored.b018.technical.algorithms.interval-scheduling.0007	b018	Algorithms	technical	technical.algorithms.interval_scheduling	temporal_constraint	technical.algorithms.interval_scheduling	self_talk	any	none	dry	1	168	192	1	1	neutral	日历类问题经常带时区，先把本地显示时间归一到同一条轴，再谈区间是否相交。	approved
authored.b018.technical.algorithms.interval-scheduling.0008	b018	Algorithms	technical	technical.algorithms.interval_scheduling	temporal_constraint	technical.algorithms.interval_scheduling	self_talk	any	none	dry	1	168	192	1	1	neutral	扫描线统计重叠数量时，开始和结束事件的先后次序决定了临界时刻的计数含义。	approved
authored.b018.technical.algorithms.interval-scheduling.0009	b018	Algorithms	technical	technical.algorithms.interval_scheduling	temporal_constraint	technical.algorithms.interval_scheduling	self_talk	any	none	dry	1	168	192	1	1	neutral	资源分配需要最少房间时，堆顶代表最早可释放资源，别把它和最长任务混在一起。	approved
authored.b018.technical.algorithms.interval-scheduling.0010	b018	Algorithms	technical	technical.algorithms.interval_scheduling	temporal_constraint	technical.algorithms.interval_scheduling	self_talk	any	none	dry	1	168	192	1	1	neutral	区间合并前先规定相邻但不重叠的片段是否要拼起来，展示规则和业务规则可能不同。	approved
authored.b018.technical.algorithms.interval-scheduling.0011	b018	Algorithms	technical	technical.algorithms.interval_scheduling	temporal_constraint	technical.algorithms.interval_scheduling	self_talk	any	none	dry	1	168	192	1	1	neutral	若任务允许拆分，原来的不可分区间模型已经变了，别拿旧结论直接盖过去。	approved
authored.b018.technical.algorithms.interval-scheduling.0012	b018	Algorithms	technical	technical.algorithms.interval_scheduling	temporal_constraint	technical.algorithms.interval_scheduling	self_talk	any	none	dry	1	168	192	1	1	neutral	找兼容前驱可以二分，但数组必须按与查询相同的结束键排序，索引和语义要配套。	approved
authored.b018.technical.algorithms.interval-scheduling.0013	b018	Algorithms	technical	technical.algorithms.interval_scheduling	temporal_constraint	technical.algorithms.interval_scheduling	self_talk	any	none	dry	1	168	192	1	1	neutral	跨天任务不要靠字符串日期切开，时间跨度属于一个整体，切片只是显示层的工作。	approved
authored.b018.technical.algorithms.interval-scheduling.0014	b018	Algorithms	technical	technical.algorithms.interval_scheduling	temporal_constraint	technical.algorithms.interval_scheduling	self_talk	any	none	dry	1	168	192	1	1	neutral	空区间和零长度事件应有明确待遇，忽略它们或计入资源占用都会影响边界结果。	approved
authored.b018.technical.algorithms.interval-scheduling.0015	b018	Algorithms	technical	technical.algorithms.interval_scheduling	temporal_constraint	technical.algorithms.interval_scheduling	self_talk	any	none	dry	1	168	192	1	1	neutral	如果优先目标是最小空闲而非最多任务，排序准则要重新推导，别用熟练替代正确。	approved
authored.b018.technical.algorithms.interval-scheduling.0016	b018	Algorithms	technical	technical.algorithms.interval_scheduling	temporal_constraint	technical.algorithms.interval_scheduling	self_talk	any	none	dry	1	168	192	1	1	neutral	区间权重相同也可以保留来源标识，回溯方案时才知道选择的是哪一条真实记录。	approved
authored.b018.technical.algorithms.interval-scheduling.0017	b018	Algorithms	technical	technical.algorithms.interval_scheduling	temporal_constraint	technical.algorithms.interval_scheduling	self_talk	any	none	dry	1	168	192	1	1	neutral	事件流乱序抵达时，先定义允许延迟窗口，立刻判定重叠会把网络抖动当成业务冲突。	approved
authored.b018.technical.algorithms.interval-scheduling.0018	b018	Algorithms	technical	technical.algorithms.interval_scheduling	temporal_constraint	technical.algorithms.interval_scheduling	self_talk	any	none	dry	1	168	192	1	1	neutral	资源复用的结束时刻要来自实际释放语义，不是界面上看起来已经完成的那个时间。	approved
authored.b018.technical.algorithms.interval-scheduling.0019	b018	Algorithms	technical	technical.algorithms.interval_scheduling	temporal_constraint	technical.algorithms.interval_scheduling	self_talk	any	none	dry	1	168	192	1	1	neutral	排程算法的测试应覆盖完全嵌套、刚好相接和大量同终点，平铺样本最容易显得过于乖巧。	approved
authored.b018.technical.algorithms.interval-scheduling.0020	b018	Algorithms	technical	technical.algorithms.interval_scheduling	temporal_constraint	technical.algorithms.interval_scheduling	self_talk	any	none	dry	1	168	192	1	1	neutral	带缓冲时间的预约要把缓冲纳入区间本身，事后另加限制会让兼容关系前后不一致。	approved
authored.b018.technical.algorithms.interval-scheduling.0021	b018	Algorithms	technical	technical.algorithms.interval_scheduling	temporal_constraint	technical.algorithms.interval_scheduling	self_talk	any	none	dry	1	168	192	1	1	neutral	按资源分组再调度时，不同组的时间线不该互相抢占，分区键先于排序规则明确。	approved
authored.b018.technical.algorithms.interval-scheduling.0022	b018	Algorithms	technical	technical.algorithms.interval_scheduling	temporal_constraint	technical.algorithms.interval_scheduling	self_talk	any	none	dry	1	168	192	1	1	neutral	回溯最优区间集合时保存选择标志，只有最终分值会让正确答案变成一团无法解释的数字。	approved
authored.b018.technical.algorithms.interval-scheduling.0023	b018	Algorithms	technical	technical.algorithms.interval_scheduling	temporal_constraint	technical.algorithms.interval_scheduling	self_talk	any	none	dry	1	168	192	1	1	neutral	容量不是一的资源调度更像事件计数，单个可用时间点已经不足以描述真实余量。	approved
authored.b018.technical.algorithms.interval-scheduling.0024	b018	Algorithms	technical	technical.algorithms.interval_scheduling	temporal_constraint	technical.algorithms.interval_scheduling	self_talk	any	none	dry	1	168	192	1	1	neutral	数据以分钟存储还是以毫秒存储要提前统一，精度不一致会在相邻任务之间制造幽灵重叠。	approved
authored.b018.technical.algorithms.interval-scheduling.0025	b018	Algorithms	technical	technical.algorithms.interval_scheduling	temporal_constraint	technical.algorithms.interval_scheduling	self_talk	any	none	dry	1	168	192	1	1	neutral	时间约束被建模得准确，后面的选择才不只是排序，而是在遵守一条可信的时间线。	approved
authored.b018.technical.algorithms.bitwise-reasoning.0001	b018	Algorithms	technical	technical.algorithms.bitwise_reasoning	binary_invariant	technical.algorithms.bitwise_reasoning	self_talk	any	none	dry	1	168	192	1	1	neutral	位运算前先写出每一位代表什么，掩码一旦失去语义，后面的简洁只会变成难读。	approved
authored.b018.technical.algorithms.bitwise-reasoning.0002	b018	Algorithms	technical	technical.algorithms.bitwise_reasoning	binary_invariant	technical.algorithms.bitwise_reasoning	self_talk	any	none	dry	1	168	192	1	1	neutral	检查某位是否开启时，括号把意图围清楚，优先级记得再熟也不如代码本身可靠。	approved
authored.b018.technical.algorithms.bitwise-reasoning.0003	b018	Algorithms	technical	technical.algorithms.bitwise_reasoning	binary_invariant	technical.algorithms.bitwise_reasoning	self_talk	any	none	dry	1	168	192	1	1	neutral	移位操作要说明有符号还是无符号，最高位补什么决定了负数会走向哪里。	approved
authored.b018.technical.algorithms.bitwise-reasoning.0004	b018	Algorithms	technical	technical.algorithms.bitwise_reasoning	binary_invariant	technical.algorithms.bitwise_reasoning	self_talk	any	none	dry	1	168	192	1	1	neutral	枚举子集时利用低位技巧很高效，但位宽边界要先守住，溢出不会因为算法漂亮就绕开。	approved
authored.b018.technical.algorithms.bitwise-reasoning.0005	b018	Algorithms	technical	technical.algorithms.bitwise_reasoning	binary_invariant	technical.algorithms.bitwise_reasoning	self_talk	any	none	dry	1	168	192	1	1	neutral	位集合映射元素编号时，编号基准从零还是从一要在类型旁边写明，错一位会错整组。	approved
authored.b018.technical.algorithms.bitwise-reasoning.0006	b018	Algorithms	technical	technical.algorithms.bitwise_reasoning	binary_invariant	technical.algorithms.bitwise_reasoning	self_talk	any	none	dry	1	168	192	1	1	neutral	异或适合表达成对抵消的关系，若输入次数不满足前提，结果看似神奇却不会替人纠错。	approved
authored.b018.technical.algorithms.bitwise-reasoning.0007	b018	Algorithms	technical	technical.algorithms.bitwise_reasoning	binary_invariant	technical.algorithms.bitwise_reasoning	self_talk	any	none	dry	1	168	192	1	1	neutral	用位标志组合状态时，互斥项最好额外校验，二进制能同时打开不代表业务允许同时成立。	approved
authored.b018.technical.algorithms.bitwise-reasoning.0008	b018	Algorithms	technical	technical.algorithms.bitwise_reasoning	binary_invariant	technical.algorithms.bitwise_reasoning	self_talk	any	none	dry	1	168	192	1	1	neutral	最低有效位索引常用于压缩状态，空掩码没有最低位，特殊值必须在入口被拦住。	approved
authored.b018.technical.algorithms.bitwise-reasoning.0009	b018	Algorithms	technical	technical.algorithms.bitwise_reasoning	binary_invariant	technical.algorithms.bitwise_reasoning	self_talk	any	none	dry	1	168	192	1	1	neutral	二进制序列化时端序属于协议，机器本地的自然顺序不能代替跨端约定。	approved
authored.b018.technical.algorithms.bitwise-reasoning.0010	b018	Algorithms	technical	technical.algorithms.bitwise_reasoning	binary_invariant	technical.algorithms.bitwise_reasoning	self_talk	any	none	dry	1	168	192	1	1	neutral	位计数优化先看数据规模，小输入上为了少几个指令换来难维护逻辑并不划算。	approved
authored.b018.technical.algorithms.bitwise-reasoning.0011	b018	Algorithms	technical	technical.algorithms.bitwise_reasoning	binary_invariant	technical.algorithms.bitwise_reasoning	self_talk	any	none	dry	1	168	192	1	1	neutral	补码范围最小值取相反数仍会越界，这个边角不是数学故障，是类型边界在认真执行。	approved
authored.b018.technical.algorithms.bitwise-reasoning.0012	b018	Algorithms	technical	technical.algorithms.bitwise_reasoning	binary_invariant	technical.algorithms.bitwise_reasoning	self_talk	any	none	dry	1	168	192	1	1	neutral	掩码常量用命名符号替代裸数字，看到权限位时才不需要靠心算猜它打开了什么。	approved
authored.b018.technical.algorithms.bitwise-reasoning.0013	b018	Algorithms	technical	technical.algorithms.bitwise_reasoning	binary_invariant	technical.algorithms.bitwise_reasoning	self_talk	any	none	dry	1	168	192	1	1	neutral	动态规划用位掩码压状态时，状态数会随元素数翻倍，先算内存再沉迷于紧凑表示。	approved
authored.b018.technical.algorithms.bitwise-reasoning.0014	b018	Algorithms	technical	technical.algorithms.bitwise_reasoning	binary_invariant	technical.algorithms.bitwise_reasoning	self_talk	any	none	dry	1	168	192	1	1	neutral	逻辑右移和算术右移的区别要靠测试固定，语言换一门，默认行为就可能换一副面孔。	approved
authored.b018.technical.algorithms.bitwise-reasoning.0015	b018	Algorithms	technical	technical.algorithms.bitwise_reasoning	binary_invariant	technical.algorithms.bitwise_reasoning	self_talk	any	none	dry	1	168	192	1	1	neutral	整数转字符串前的位处理要保护前导零需求，展示层看似小事，也会改变协议含义。	approved
authored.b018.technical.algorithms.bitwise-reasoning.0016	b018	Algorithms	technical	technical.algorithms.bitwise_reasoning	binary_invariant	technical.algorithms.bitwise_reasoning	self_talk	any	none	dry	1	168	192	1	1	neutral	布隆过滤器的位数组省空间，却要把误判率和删除限制提前写进使用说明。	approved
authored.b018.technical.algorithms.bitwise-reasoning.0017	b018	Algorithms	technical	technical.algorithms.bitwise_reasoning	binary_invariant	technical.algorithms.bitwise_reasoning	self_talk	any	none	dry	1	168	192	1	1	neutral	用一位表示真假很节省，但位图并发更新时仍要考虑读改写是不是原子。	approved
authored.b018.technical.algorithms.bitwise-reasoning.0018	b018	Algorithms	technical	technical.algorithms.bitwise_reasoning	binary_invariant	technical.algorithms.bitwise_reasoning	self_talk	any	none	dry	1	168	192	1	1	neutral	范围掩码要验证长度等于零和等于位宽的两端，最常见的公式也有自己的悬崖。	approved
authored.b018.technical.algorithms.bitwise-reasoning.0019	b018	Algorithms	technical	technical.algorithms.bitwise_reasoning	binary_invariant	technical.algorithms.bitwise_reasoning	self_talk	any	none	dry	1	168	192	1	1	neutral	哈希混合里的移位和异或顺序不能随意换，分布特性来自整套组合而非某一条指令。	approved
authored.b018.technical.algorithms.bitwise-reasoning.0020	b018	Algorithms	technical	technical.algorithms.bitwise_reasoning	binary_invariant	technical.algorithms.bitwise_reasoning	self_talk	any	none	dry	1	168	192	1	1	neutral	解析二进制协议时先检查剩余位数，越界读出的不是神秘数据，只是缺失的边界校验。	approved
authored.b018.technical.algorithms.bitwise-reasoning.0021	b018	Algorithms	technical	technical.algorithms.bitwise_reasoning	binary_invariant	technical.algorithms.bitwise_reasoning	self_talk	any	none	dry	1	168	192	1	1	neutral	位运算表达式若被复制三次，就该抽成命名函数，浓缩不等于要让每个读者重新解码。	approved
authored.b018.technical.algorithms.bitwise-reasoning.0022	b018	Algorithms	technical	technical.algorithms.bitwise_reasoning	binary_invariant	technical.algorithms.bitwise_reasoning	self_talk	any	none	dry	1	168	192	1	1	neutral	需要取模二的幂时，先确认输入非负，负数按位与得到的结果未必符合业务中的余数直觉。	approved
authored.b018.technical.algorithms.bitwise-reasoning.0023	b018	Algorithms	technical	technical.algorithms.bitwise_reasoning	binary_invariant	technical.algorithms.bitwise_reasoning	self_talk	any	none	dry	1	168	192	1	1	neutral	算法里把状态编码成整数后，调试输出最好还能还原字段，只有十进制数字会让排查失去抓手。	approved
authored.b018.technical.algorithms.bitwise-reasoning.0024	b018	Algorithms	technical	technical.algorithms.bitwise_reasoning	binary_invariant	technical.algorithms.bitwise_reasoning	self_talk	any	none	dry	1	168	192	1	1	neutral	用位技巧消去最低一位前，先确认循环会在零处停止，错误的初始值足以让简短代码转个不停。	approved
authored.b018.technical.algorithms.bitwise-reasoning.0025	b018	Algorithms	technical	technical.algorithms.bitwise_reasoning	binary_invariant	technical.algorithms.bitwise_reasoning	self_talk	any	none	dry	1	168	192	1	1	neutral	位运算真正的美感来自约束清晰，写出每个 bit 的故事，短代码才不会显得神神秘秘。	approved
authored.b018.technical.algorithms.randomized-validation.0001	b018	Algorithms	technical	technical.algorithms.randomized_validation	stochastic_oracle	technical.algorithms.randomized_validation	self_talk	any	none	dry	1	168	192	1	1	neutral	随机测试最先要保存种子，失败样本若不能回到现场，随机只会留下漂亮的烟花。	approved
authored.b018.technical.algorithms.randomized-validation.0002	b018	Algorithms	technical	technical.algorithms.randomized_validation	stochastic_oracle	technical.algorithms.randomized_validation	self_talk	any	none	dry	1	168	192	1	1	neutral	生成器应故意偏向边界，不要让均匀随机把大多数样本都送进最无聊的中间地带。	approved
authored.b018.technical.algorithms.randomized-validation.0003	b018	Algorithms	technical	technical.algorithms.randomized_validation	stochastic_oracle	technical.algorithms.randomized_validation	self_talk	any	none	dry	1	168	192	1	1	neutral	对拍程序需要一个可信但可慢的参照实现，小规模暴力往往比复杂断言更诚实。	approved
authored.b018.technical.algorithms.randomized-validation.0004	b018	Algorithms	technical	technical.algorithms.randomized_validation	stochastic_oracle	technical.algorithms.randomized_validation	self_talk	any	none	dry	1	168	192	1	1	neutral	随机输入也要满足业务不变量，生成出不合法对象再报错，并不能证明目标算法出了问题。	approved
authored.b018.technical.algorithms.randomized-validation.0005	b018	Algorithms	technical	technical.algorithms.randomized_validation	stochastic_oracle	technical.algorithms.randomized_validation	self_talk	any	none	dry	1	168	192	1	1	neutral	性质测试写的是永远应成立的关系，别只把一串普通案例换成随机数字就叫它性质测试。	approved
authored.b018.technical.algorithms.randomized-validation.0006	b018	Algorithms	technical	technical.algorithms.randomized_validation	stochastic_oracle	technical.algorithms.randomized_validation	self_talk	any	none	dry	1	168	192	1	1	neutral	出现反例后先做收缩，把大样本压成最小失败形状，错误原因会更容易从里面露头。	approved
authored.b018.technical.algorithms.randomized-validation.0007	b018	Algorithms	technical	technical.algorithms.randomized_validation	stochastic_oracle	technical.algorithms.randomized_validation	self_talk	any	none	dry	1	168	192	1	1	neutral	随机数源在测试中应可注入，生产熵和确定回放分别服务不同的职责。	approved
authored.b018.technical.algorithms.randomized-validation.0008	b018	Algorithms	technical	technical.algorithms.randomized_validation	stochastic_oracle	technical.algorithms.randomized_validation	self_talk	any	none	dry	1	168	192	1	1	neutral	检查排序结果时不仅验证有序，还要验证元素多重集未变，少了一个元素也可能排得很整齐。	approved
authored.b018.technical.algorithms.randomized-validation.0009	b018	Algorithms	technical	technical.algorithms.randomized_validation	stochastic_oracle	technical.algorithms.randomized_validation	self_talk	any	none	dry	1	168	192	1	1	neutral	随机图生成应覆盖稀疏、稠密和断开结构，只有平均密度的图很难触到算法边缘。	approved
authored.b018.technical.algorithms.randomized-validation.0010	b018	Algorithms	technical	technical.algorithms.randomized_validation	stochastic_oracle	technical.algorithms.randomized_validation	self_talk	any	none	dry	1	168	192	1	1	neutral	把失败输入写入独立夹具，下一轮修复后让它成为固定回归，而不是随种子漂走。	approved
authored.b018.technical.algorithms.randomized-validation.0011	b018	Algorithms	technical	technical.algorithms.randomized_validation	stochastic_oracle	technical.algorithms.randomized_validation	self_talk	any	none	dry	1	168	192	1	1	neutral	变形测试可以比较输入变换前后的关系，缺少明确 oracle 时尤其适合提供第二条证据。	approved
authored.b018.technical.algorithms.randomized-validation.0012	b018	Algorithms	technical	technical.algorithms.randomized_validation	stochastic_oracle	technical.algorithms.randomized_validation	self_talk	any	none	dry	1	168	192	1	1	neutral	采样次数应和失败概率匹配，跑十次没出事只能说明那十次天气不错。	approved
authored.b018.technical.algorithms.randomized-validation.0013	b018	Algorithms	technical	technical.algorithms.randomized_validation	stochastic_oracle	technical.algorithms.randomized_validation	self_talk	any	none	dry	1	168	192	1	1	neutral	随机化算法的统计指标应设容忍区间，偶然波动不该被误判成逻辑回归。	approved
authored.b018.technical.algorithms.randomized-validation.0014	b018	Algorithms	technical	technical.algorithms.randomized_validation	stochastic_oracle	technical.algorithms.randomized_validation	self_talk	any	none	dry	1	168	192	1	1	neutral	输入生成器分层组合时，先检查每层权重，某种罕见结构被压到零概率就永远不会被看见。	approved
authored.b018.technical.algorithms.randomized-validation.0015	b018	Algorithms	technical	technical.algorithms.randomized_validation	stochastic_oracle	technical.algorithms.randomized_validation	self_talk	any	none	dry	1	168	192	1	1	neutral	随机测试报告里带上版本和平台，算法之外的运行环境有时也会参与制造差异。	approved
authored.b018.technical.algorithms.randomized-validation.0016	b018	Algorithms	technical	technical.algorithms.randomized_validation	stochastic_oracle	technical.algorithms.randomized_validation	self_talk	any	none	dry	1	168	192	1	1	neutral	让生成数据满足排序、唯一性或连通性约束时，约束本身也需要被单独测试。	approved
authored.b018.technical.algorithms.randomized-validation.0017	b018	Algorithms	technical	technical.algorithms.randomized_validation	stochastic_oracle	technical.algorithms.randomized_validation	self_talk	any	none	dry	1	168	192	1	1	neutral	不同随机种子跑出的覆盖维度应被统计，重复走同一条路径的随机并没有带来多少新信息。	approved
authored.b018.technical.algorithms.randomized-validation.0018	b018	Algorithms	technical	technical.algorithms.randomized_validation	stochastic_oracle	technical.algorithms.randomized_validation	self_talk	any	none	dry	1	168	192	1	1	neutral	并发随机测试要控制调度点，否则失败很难稳定复现，偶发并不等于无从下手。	approved
authored.b018.technical.algorithms.randomized-validation.0019	b018	Algorithms	technical	technical.algorithms.randomized_validation	stochastic_oracle	technical.algorithms.randomized_validation	self_talk	any	none	dry	1	168	192	1	1	neutral	生成超大输入前设置资源预算，测试为了发现错误，不该先把自身机器拖进失控。	approved
authored.b018.technical.algorithms.randomized-validation.0020	b018	Algorithms	technical	technical.algorithms.randomized_validation	stochastic_oracle	technical.algorithms.randomized_validation	self_talk	any	none	dry	1	168	192	1	1	neutral	概率性断言失败时查看分布而非单点，真正的偏差通常藏在大量样本的形状里。	approved
authored.b018.technical.algorithms.randomized-validation.0021	b018	Algorithms	technical	technical.algorithms.randomized_validation	stochastic_oracle	technical.algorithms.randomized_validation	self_talk	any	none	dry	1	168	192	1	1	neutral	对拍发现不一致后，不要先相信复杂实现，参照解同样需要被独立的小例子确认。	approved
authored.b018.technical.algorithms.randomized-validation.0022	b018	Algorithms	technical	technical.algorithms.randomized_validation	stochastic_oracle	technical.algorithms.randomized_validation	self_talk	any	none	dry	1	168	192	1	1	neutral	随机删减操作序列可以暴露状态机漏洞，前提是每一步仍满足允许发生的前置条件。	approved
authored.b018.technical.algorithms.randomized-validation.0023	b018	Algorithms	technical	technical.algorithms.randomized_validation	stochastic_oracle	technical.algorithms.randomized_validation	self_talk	any	none	dry	1	168	192	1	1	neutral	带随机性的基准应报告置信范围，只有单个最快值时，数据多少有点爱演。	approved
authored.b018.technical.algorithms.randomized-validation.0024	b018	Algorithms	technical	technical.algorithms.randomized_validation	stochastic_oracle	technical.algorithms.randomized_validation	self_talk	any	none	dry	1	168	192	1	1	neutral	修复随机反例后保留原始种子和缩减样本，两份证据放在一起才能防住同类回归。	approved
authored.b018.technical.algorithms.randomized-validation.0025	b018	Algorithms	technical	technical.algorithms.randomized_validation	stochastic_oracle	technical.algorithms.randomized_validation	self_talk	any	none	dry	1	168	192	1	1	neutral	随机验证不是把责任交给骰子，它是用大量受控变化替算法寻找平时想不到的裂缝。	approved
authored.b018.technical.frontend.design-tokens.0001	b018	Frontend	technical	technical.frontend.design_tokens	visual_contract	technical.frontend.design_tokens	self_talk	any	none	playful	1	168	192	1	1	playful_friend	设计令牌先命名用途再命名颜色，primary_blue 过两次改版就会显得有点尴尬。	approved
authored.b018.technical.frontend.design-tokens.0002	b018	Frontend	technical	technical.frontend.design_tokens	visual_contract	technical.frontend.design_tokens	self_talk	any	none	playful	1	168	192	1	1	playful_friend	间距令牌按尺度排列，页面里那些不合群的七像素缝隙就没那么容易偷偷长出来。	approved
authored.b018.technical.frontend.design-tokens.0003	b018	Frontend	technical	technical.frontend.design_tokens	visual_contract	technical.frontend.design_tokens	self_talk	any	none	playful	1	168	192	1	1	playful_friend	组件只引用语义令牌，主题切换时才不需要挨个追着十六进制颜色做劝架。	approved
authored.b018.technical.frontend.design-tokens.0004	b018	Frontend	technical	technical.frontend.design_tokens	visual_contract	technical.frontend.design_tokens	self_talk	any	none	playful	1	168	192	1	1	playful_friend	阴影也该有层级，卡片、浮层和对话框都想抢同一束光，界面就会有点吵。	approved
authored.b018.technical.frontend.design-tokens.0005	b018	Frontend	technical	technical.frontend.design_tokens	visual_contract	technical.frontend.design_tokens	self_talk	any	none	playful	1	168	192	1	1	playful_friend	圆角令牌不是为了统一可爱，关键是让信息层级在不同组件上有稳定的触感。	approved
authored.b018.technical.frontend.design-tokens.0006	b018	Frontend	technical	technical.frontend.design_tokens	visual_contract	technical.frontend.design_tokens	self_talk	any	none	playful	1	168	192	1	1	playful_friend	深色主题别简单反转颜色，文本、边框和禁用态各自需要重新校准对比关系。	approved
authored.b018.technical.frontend.design-tokens.0007	b018	Frontend	technical	technical.frontend.design_tokens	visual_contract	technical.frontend.design_tokens	self_talk	any	none	playful	1	168	192	1	1	playful_friend	字号令牌要搭配行高，字变大却没留呼吸空间，信息密度只会变得更闷。	approved
authored.b018.technical.frontend.design-tokens.0008	b018	Frontend	technical	technical.frontend.design_tokens	visual_contract	technical.frontend.design_tokens	self_talk	any	none	playful	1	168	192	1	1	playful_friend	令牌改名时提供迁移别名，老组件不是不愿意更新，只是它们也需要一条回家的路。	approved
authored.b018.technical.frontend.design-tokens.0009	b018	Frontend	technical	technical.frontend.design_tokens	visual_contract	technical.frontend.design_tokens	self_talk	any	none	playful	1	168	192	1	1	playful_friend	状态色要区分警告、错误和成功，所有提示都用一抹醒目红，会让用户慢慢失去警觉。	approved
authored.b018.technical.frontend.design-tokens.0010	b018	Frontend	technical	technical.frontend.design_tokens	visual_contract	technical.frontend.design_tokens	self_talk	any	none	playful	1	168	192	1	1	playful_friend	响应式断点属于布局令牌，零散媒体查询越堆越多，页面会越来越像临时拼图。	approved
authored.b018.technical.frontend.design-tokens.0011	b018	Frontend	technical	technical.frontend.design_tokens	visual_contract	technical.frontend.design_tokens	self_talk	any	none	playful	1	168	192	1	1	playful_friend	动效时长也能令牌化，轻提示和大转场若都用同一节奏，界面会显得有点不知轻重。	approved
authored.b018.technical.frontend.design-tokens.0012	b018	Frontend	technical	technical.frontend.design_tokens	visual_contract	technical.frontend.design_tokens	self_talk	any	none	playful	1	168	192	1	1	playful_friend	语义色在高对比模式下应有替代值，漂亮的默认皮肤不能成为唯一答案。	approved
authored.b018.technical.frontend.design-tokens.0013	b018	Frontend	technical	technical.frontend.design_tokens	visual_contract	technical.frontend.design_tokens	self_talk	any	none	playful	1	168	192	1	1	playful_friend	令牌文档展示实际样例，只有变量名的说明像菜单没有菜图，点起来总有点心虚。	approved
authored.b018.technical.frontend.design-tokens.0014	b018	Frontend	technical	technical.frontend.design_tokens	visual_contract	technical.frontend.design_tokens	self_talk	any	none	playful	1	168	192	1	1	playful_friend	品牌色不该承包所有强调场景，信息重要性和品牌识别最好别互相抢位置。	approved
authored.b018.technical.frontend.design-tokens.0015	b018	Frontend	technical	technical.frontend.design_tokens	visual_contract	technical.frontend.design_tokens	self_talk	any	none	playful	1	168	192	1	1	playful_friend	透明度令牌应说明叠在什么底色上，同一个半透明灰落在不同背景里会有不同心情。	approved
authored.b018.technical.frontend.design-tokens.0016	b018	Frontend	technical	technical.frontend.design_tokens	visual_contract	technical.frontend.design_tokens	self_talk	any	none	playful	1	168	192	1	1	playful_friend	组件库升级令牌时跑视觉回归，数值只改了一点点，截图却可能先替人喊出来。	approved
authored.b018.technical.frontend.design-tokens.0017	b018	Frontend	technical	technical.frontend.design_tokens	visual_contract	technical.frontend.design_tokens	self_talk	any	none	playful	1	168	192	1	1	playful_friend	边框颜色和分割线颜色未必要相同，层次感需要的是分工，不是全员穿同一件衣服。	approved
authored.b018.technical.frontend.design-tokens.0018	b018	Frontend	technical	technical.frontend.design_tokens	visual_contract	technical.frontend.design_tokens	self_talk	any	none	playful	1	168	192	1	1	playful_friend	密度模式可以复用一套语义令牌，再按紧凑或宽松映射，别让每个组件各自练习变形。	approved
authored.b018.technical.frontend.design-tokens.0019	b018	Frontend	technical	technical.frontend.design_tokens	visual_contract	technical.frontend.design_tokens	self_talk	any	none	playful	1	168	192	1	1	playful_friend	主题配置校验无效颜色和缺失值，空令牌落进渲染时，页面的表情通常不会太好看。	approved
authored.b018.technical.frontend.design-tokens.0020	b018	Frontend	technical	technical.frontend.design_tokens	visual_contract	technical.frontend.design_tokens	self_talk	any	none	playful	1	168	192	1	1	playful_friend	字体回退列表属于视觉稳定性，首选字体缺席时也要让文字保持端正，不许乱跑。	approved
authored.b018.technical.frontend.design-tokens.0021	b018	Frontend	technical	technical.frontend.design_tokens	visual_contract	technical.frontend.design_tokens	self_talk	any	none	playful	1	168	192	1	1	playful_friend	令牌层级不要超过需要，三层映射已经够忙，再往下套娃会让定位变成寻宝。	approved
authored.b018.technical.frontend.design-tokens.0022	b018	Frontend	technical	technical.frontend.design_tokens	visual_contract	technical.frontend.design_tokens	self_talk	any	none	playful	1	168	192	1	1	playful_friend	空间令牌在触控界面留足点击范围，按钮看着精致不等于手指愿意配合。	approved
authored.b018.technical.frontend.design-tokens.0023	b018	Frontend	technical	technical.frontend.design_tokens	visual_contract	technical.frontend.design_tokens	self_talk	any	none	playful	1	168	192	1	1	playful_friend	把临时色写回令牌前先确认使用场景，解决一个页面的小情绪别给全局添新包袱。	approved
authored.b018.technical.frontend.design-tokens.0024	b018	Frontend	technical	technical.frontend.design_tokens	visual_contract	technical.frontend.design_tokens	self_talk	any	none	playful	1	168	192	1	1	playful_friend	设计令牌的版本记录应说明视觉意图，下一次调整的人才不会把有目的的差异当成 bug。	approved
authored.b018.technical.frontend.design-tokens.0025	b018	Frontend	technical	technical.frontend.design_tokens	visual_contract	technical.frontend.design_tokens	self_talk	any	none	playful	1	168	192	1	1	playful_friend	一套好令牌像默契的底色，页面可以各有性格，却不会在细节上互相翻白眼。	approved
authored.b018.technical.frontend.localization.0001	b018	Frontend	technical	technical.frontend.localization	locale_resilience	technical.frontend.localization	self_talk	any	none	dry	1	168	192	1	1	neutral	文案别把变量硬拼进句子，不同语言的词序和复数规则不会乖乖照中文排队。	approved
authored.b018.technical.frontend.localization.0002	b018	Frontend	technical	technical.frontend.localization	locale_resilience	technical.frontend.localization	self_talk	any	none	dry	1	168	192	1	1	neutral	日期格式交给区域化库，手写月日年在跨地区页面里很容易制造看似合理的误读。	approved
authored.b018.technical.frontend.localization.0003	b018	Frontend	technical	technical.frontend.localization	locale_resilience	technical.frontend.localization	self_talk	any	none	dry	1	168	192	1	1	neutral	翻译键按稳定语义命名，拿英文原句当键名，一改措辞就会把代码和翻译同时扯乱。	approved
authored.b018.technical.frontend.localization.0004	b018	Frontend	technical	technical.frontend.localization	locale_resilience	technical.frontend.localization	self_talk	any	none	dry	1	168	192	1	1	neutral	数字、货币和百分比各有本地格式，统一转字符串再展示会悄悄损失用户熟悉的读法。	approved
authored.b018.technical.frontend.localization.0005	b018	Frontend	technical	technical.frontend.localization	locale_resilience	technical.frontend.localization	self_talk	any	none	dry	1	168	192	1	1	neutral	右到左语言不仅翻转文字，图标方向、间距和焦点顺序都该跟着检查。	approved
authored.b018.technical.frontend.localization.0006	b018	Frontend	technical	technical.frontend.localization	locale_resilience	technical.frontend.localization	self_talk	any	none	dry	1	168	192	1	1	neutral	翻译加载失败需要可读回退，空白按钮比显示默认语言更容易让流程断掉。	approved
authored.b018.technical.frontend.localization.0007	b018	Frontend	technical	technical.frontend.localization	locale_resilience	technical.frontend.localization	self_talk	any	none	dry	1	168	192	1	1	neutral	文本长度要按最宽翻译预留，按钮在英语里刚好合身，换一种语言可能立刻挤成省略号。	approved
authored.b018.technical.frontend.localization.0008	b018	Frontend	technical	technical.frontend.localization	locale_resilience	technical.frontend.localization	self_talk	any	none	dry	1	168	192	1	1	neutral	不要在翻译句子里塞 HTML 片段，结构和内容分开后，排版才能随着语言安全变化。	approved
authored.b018.technical.frontend.localization.0009	b018	Frontend	technical	technical.frontend.localization	locale_resilience	technical.frontend.localization	self_talk	any	none	dry	1	168	192	1	1	neutral	区域选择应保存用户明确偏好，浏览器语言只是首次推荐，不该一次次把选择覆盖掉。	approved
authored.b018.technical.frontend.localization.0010	b018	Frontend	technical	technical.frontend.localization	locale_resilience	technical.frontend.localization	self_talk	any	none	dry	1	168	192	1	1	neutral	复数规则不要只写单数和复数，部分语言有更细的数量分支，库存在就是为了少踩坑。	approved
authored.b018.technical.frontend.localization.0011	b018	Frontend	technical	technical.frontend.localization	locale_resilience	technical.frontend.localization	self_talk	any	none	dry	1	168	192	1	1	neutral	排序用显示文字还是内部标识要分清，按翻译结果排序时，同一份数据会在不同区域呈现不同顺序。	approved
authored.b018.technical.frontend.localization.0012	b018	Frontend	technical	technical.frontend.localization	locale_resilience	technical.frontend.localization	self_talk	any	none	dry	1	168	192	1	1	neutral	错误信息里的占位符需要类型安全，漏传一个金额或日期，翻译层不该默默吞掉关键信息。	approved
authored.b018.technical.frontend.localization.0013	b018	Frontend	technical	technical.frontend.localization	locale_resilience	technical.frontend.localization	self_talk	any	none	dry	1	168	192	1	1	neutral	同一词在按钮和标题里的语气可能不同，复用翻译前先确认上下文真的没有变。	approved
authored.b018.technical.frontend.localization.0014	b018	Frontend	technical	technical.frontend.localization	locale_resilience	technical.frontend.localization	self_talk	any	none	dry	1	168	192	1	1	neutral	翻译文件合并时检测重复键，最后写入覆盖前面的文本，会让正确译文不声不响地消失。	approved
authored.b018.technical.frontend.localization.0015	b018	Frontend	technical	technical.frontend.localization	locale_resilience	technical.frontend.localization	self_talk	any	none	dry	1	168	192	1	1	neutral	伪本地化测试能快速找出写死文本和截断布局，开发阶段的夸张字符比线上投诉来得友好。	approved
authored.b018.technical.frontend.localization.0016	b018	Frontend	technical	technical.frontend.localization	locale_resilience	technical.frontend.localization	self_talk	any	none	dry	1	168	192	1	1	neutral	时区显示从 UTC 转换时要保留原始时刻，只有本地字符串会让后续计算无处落脚。	approved
authored.b018.technical.frontend.localization.0017	b018	Frontend	technical	technical.frontend.localization	locale_resilience	technical.frontend.localization	self_talk	any	none	dry	1	168	192	1	1	neutral	用户输入日期时提供本地格式提示，解析失败后只说格式错误会让人不知道该怎么改。	approved
authored.b018.technical.frontend.localization.0018	b018	Frontend	technical	technical.frontend.localization	locale_resilience	technical.frontend.localization	self_talk	any	none	dry	1	168	192	1	1	neutral	语言包按需加载能减少首屏体积，但切换期间要避免新旧语言混在同一个视图里。	approved
authored.b018.technical.frontend.localization.0019	b018	Frontend	technical	technical.frontend.localization	locale_resilience	technical.frontend.localization	self_talk	any	none	dry	1	168	192	1	1	neutral	无障碍标签也属于翻译资源，视觉文字换了语言，朗读内容不能还停在原地。	approved
authored.b018.technical.frontend.localization.0020	b018	Frontend	technical	technical.frontend.localization	locale_resilience	technical.frontend.localization	self_talk	any	none	dry	1	168	192	1	1	neutral	邮箱、姓名和地址的显示顺序随区域变化，表单字段的视觉位置不该被默认文化绑死。	approved
authored.b018.technical.frontend.localization.0021	b018	Frontend	technical	technical.frontend.localization	locale_resilience	technical.frontend.localization	self_talk	any	none	dry	1	168	192	1	1	neutral	单位换算应在展示层透明进行，内部数值保持统一，数据比较才不会被区域习惯牵着跑。	approved
authored.b018.technical.frontend.localization.0022	b018	Frontend	technical	technical.frontend.localization	locale_resilience	technical.frontend.localization	self_talk	any	none	dry	1	168	192	1	1	neutral	机器翻译填充可以辅助开发，但发布前仍要审校，直译的语气常常不肯配合界面场景。	approved
authored.b018.technical.frontend.localization.0023	b018	Frontend	technical	technical.frontend.localization	locale_resilience	technical.frontend.localization	self_talk	any	none	dry	1	168	192	1	1	neutral	地区切换改变的不只语言，税率、节假日和合规提示若受影响，也应明确刷新边界。	approved
authored.b018.technical.frontend.localization.0024	b018	Frontend	technical	technical.frontend.localization	locale_resilience	technical.frontend.localization	self_talk	any	none	dry	1	168	192	1	1	neutral	翻译键删除前先搜索所有运行时路径，静态引用找不到的懒加载页面仍可能在某天打开它。	approved
authored.b018.technical.frontend.localization.0025	b018	Frontend	technical	technical.frontend.localization	locale_resilience	technical.frontend.localization	self_talk	any	none	dry	1	168	192	1	1	neutral	区域化做好后，界面不只是被翻译，而是真的愿意在不同语言的日常里好好工作。	approved
authored.b018.technical.frontend.browser-storage.0001	b018	Frontend	technical	technical.frontend.browser_storage	client_persistence	technical.frontend.browser_storage	self_talk	any	none	dry	1	168	192	1	1	neutral	浏览器存储适合保存界面偏好，别把它误当成服务端数据库的替身。	approved
authored.b018.technical.frontend.browser-storage.0002	b018	Frontend	technical	technical.frontend.browser_storage	client_persistence	technical.frontend.browser_storage	self_talk	any	none	dry	1	168	192	1	1	neutral	敏感凭据放进本地存储前先停一下，脚本可读的数据一旦被注入脚本碰到，风险会很直接。	approved
authored.b018.technical.frontend.browser-storage.0003	b018	Frontend	technical	technical.frontend.browser_storage	client_persistence	technical.frontend.browser_storage	self_talk	any	none	dry	1	168	192	1	1	neutral	保存表单草稿时附上版本，字段结构变更后才能知道旧数据应迁移还是丢弃。	approved
authored.b018.technical.frontend.browser-storage.0004	b018	Frontend	technical	technical.frontend.browser_storage	client_persistence	technical.frontend.browser_storage	self_talk	any	none	dry	1	168	192	1	1	neutral	存储配额会满，写入失败要有明确路径，不能让用户以为偏好已经安稳保存。	approved
authored.b018.technical.frontend.browser-storage.0005	b018	Frontend	technical	technical.frontend.browser_storage	client_persistence	technical.frontend.browser_storage	self_talk	any	none	dry	1	168	192	1	1	neutral	跨标签页同步事件不是完整消息队列，快速连续修改时仍要设计版本或最后写入策略。	approved
authored.b018.technical.frontend.browser-storage.0006	b018	Frontend	technical	technical.frontend.browser_storage	client_persistence	technical.frontend.browser_storage	self_talk	any	none	dry	1	168	192	1	1	neutral	缓存键带上用户和环境边界，公共设备上残留上一位登录者的状态会很麻烦。	approved
authored.b018.technical.frontend.browser-storage.0007	b018	Frontend	technical	technical.frontend.browser_storage	client_persistence	technical.frontend.browser_storage	self_talk	any	none	dry	1	168	192	1	1	neutral	读取旧缓存失败时，清理范围应尽量小，格式错一项不该把所有离线数据一锅端。	approved
authored.b018.technical.frontend.browser-storage.0008	b018	Frontend	technical	technical.frontend.browser_storage	client_persistence	technical.frontend.browser_storage	self_talk	any	none	dry	1	168	192	1	1	neutral	会话结束后该清什么要有清单，临时筛选条件和长期主题偏好不必拥有相同寿命。	approved
authored.b018.technical.frontend.browser-storage.0009	b018	Frontend	technical	technical.frontend.browser_storage	client_persistence	technical.frontend.browser_storage	self_talk	any	none	dry	1	168	192	1	1	neutral	IndexedDB 事务可以保护一组本地更新，拆成多次写入时，中途退出就可能留下半套状态。	approved
authored.b018.technical.frontend.browser-storage.0010	b018	Frontend	technical	technical.frontend.browser_storage	client_persistence	technical.frontend.browser_storage	self_talk	any	none	dry	1	168	192	1	1	neutral	缓存数据也要设过期策略，过期不是浪费，它是在提醒界面别把旧世界当成现在。	approved
authored.b018.technical.frontend.browser-storage.0011	b018	Frontend	technical	technical.frontend.browser_storage	client_persistence	technical.frontend.browser_storage	self_talk	any	none	dry	1	168	192	1	1	neutral	离线队列重连后重放操作时，给每条请求带幂等标识，网络抖动不该制造重复提交。	approved
authored.b018.technical.frontend.browser-storage.0012	b018	Frontend	technical	technical.frontend.browser_storage	client_persistence	technical.frontend.browser_storage	self_talk	any	none	dry	1	168	192	1	1	neutral	序列化前检查数据大小，巨大的响应直接塞进浏览器存储，会在最需要启动时拖慢页面。	approved
authored.b018.technical.frontend.browser-storage.0013	b018	Frontend	technical	technical.frontend.browser_storage	client_persistence	technical.frontend.browser_storage	self_talk	any	none	dry	1	168	192	1	1	neutral	缓存命中前校验数据形状，版本号正确也不代表某次旧 bug 没留下异常内容。	approved
authored.b018.technical.frontend.browser-storage.0014	b018	Frontend	technical	technical.frontend.browser_storage	client_persistence	technical.frontend.browser_storage	self_talk	any	none	dry	1	168	192	1	1	neutral	本地存储修改应通知当前视图，写进磁盘却不更新内存，会让用户看到两份不同答案。	approved
authored.b018.technical.frontend.browser-storage.0015	b018	Frontend	technical	technical.frontend.browser_storage	client_persistence	technical.frontend.browser_storage	self_talk	any	none	dry	1	168	192	1	1	neutral	隐私模式和受限浏览器可能拒绝持久化，功能降级应让核心流程仍能继续。	approved
authored.b018.technical.frontend.browser-storage.0016	b018	Frontend	technical	technical.frontend.browser_storage	client_persistence	technical.frontend.browser_storage	self_talk	any	none	dry	1	168	192	1	1	neutral	缓存淘汰优先删除可再生内容，草稿和未同步操作的价值通常更高，别先拿它们开刀。	approved
authored.b018.technical.frontend.browser-storage.0017	b018	Frontend	technical	technical.frontend.browser_storage	client_persistence	technical.frontend.browser_storage	self_talk	any	none	dry	1	168	192	1	1	neutral	浏览器升级后存储行为也可能变化，兼容测试别只盯着渲染效果。	approved
authored.b018.technical.frontend.browser-storage.0018	b018	Frontend	technical	technical.frontend.browser_storage	client_persistence	technical.frontend.browser_storage	self_talk	any	none	dry	1	168	192	1	1	neutral	本地缓存的调试面板要脱敏，方便排查不该换来把用户内容暴露在控制台。	approved
authored.b018.technical.frontend.browser-storage.0019	b018	Frontend	technical	technical.frontend.browser_storage	client_persistence	technical.frontend.browser_storage	self_talk	any	none	dry	1	168	192	1	1	neutral	同步冲突选择最后写入前，确认时间来自同一可信来源，设备时钟不齐时会特别爱添乱。	approved
authored.b018.technical.frontend.browser-storage.0020	b018	Frontend	technical	technical.frontend.browser_storage	client_persistence	technical.frontend.browser_storage	self_talk	any	none	dry	1	168	192	1	1	neutral	用户清除站点数据后视图要能从空状态恢复，默认配置不能只在第一次安装时才有效。	approved
authored.b018.technical.frontend.browser-storage.0021	b018	Frontend	technical	technical.frontend.browser_storage	client_persistence	technical.frontend.browser_storage	self_talk	any	none	dry	1	168	192	1	1	neutral	持久化写入应避免阻塞交互，存得再认真也不该让按钮像被按住一样迟钝。	approved
authored.b018.technical.frontend.browser-storage.0022	b018	Frontend	technical	technical.frontend.browser_storage	client_persistence	technical.frontend.browser_storage	self_talk	any	none	dry	1	168	192	1	1	neutral	多个缓存层命中不同数据时，需要一个优先级规则，不能让新旧值靠加载顺序赌输赢。	approved
authored.b018.technical.frontend.browser-storage.0023	b018	Frontend	technical	technical.frontend.browser_storage	client_persistence	technical.frontend.browser_storage	self_talk	any	none	dry	1	168	192	1	1	neutral	迁移本地 schema 时逐步保留可回滚点，升级失败后的缓存也应该有被妥善处理的路。	approved
authored.b018.technical.frontend.browser-storage.0024	b018	Frontend	technical	technical.frontend.browser_storage	client_persistence	technical.frontend.browser_storage	self_talk	any	none	dry	1	168	192	1	1	neutral	离线可用不等于离线正确，状态过旧时给出新鲜度提示，体验会比假装实时更可信。	approved
authored.b018.technical.frontend.browser-storage.0025	b018	Frontend	technical	technical.frontend.browser_storage	client_persistence	technical.frontend.browser_storage	self_talk	any	none	dry	1	168	192	1	1	neutral	本地持久化有清楚的边界，页面才会记得该记的，又不会把过去背得太沉。	approved
authored.b018.technical.frontend.error-boundaries.0001	b018	Frontend	technical	technical.frontend.error_boundaries	failure_surface	technical.frontend.error_boundaries	self_talk	any	none	dry	1	168	192	1	1	neutral	前端错误边界应围住独立区域，一张卡片崩了不该顺手带走整页导航。	approved
authored.b018.technical.frontend.error-boundaries.0002	b018	Frontend	technical	technical.frontend.error_boundaries	failure_surface	technical.frontend.error_boundaries	self_talk	any	none	dry	1	168	192	1	1	neutral	加载失败、空数据和渲染异常各有不同提示，全部写成出错了会把修复方向藏起来。	approved
authored.b018.technical.frontend.error-boundaries.0003	b018	Frontend	technical	technical.frontend.error_boundaries	failure_surface	technical.frontend.error_boundaries	self_talk	any	none	dry	1	168	192	1	1	neutral	错误回退界面应保留必要上下文，用户刚填到一半的表单不该因为局部失败直接消失。	approved
authored.b018.technical.frontend.error-boundaries.0004	b018	Frontend	technical	technical.frontend.error_boundaries	failure_surface	technical.frontend.error_boundaries	self_talk	any	none	dry	1	168	192	1	1	neutral	重试按钮需要防止连续点击叠出多次请求，恢复功能也要守住自己的节奏。	approved
authored.b018.technical.frontend.error-boundaries.0005	b018	Frontend	technical	technical.frontend.error_boundaries	failure_surface	technical.frontend.error_boundaries	self_talk	any	none	dry	1	168	192	1	1	neutral	错误上报带上页面版本和组件边界，单有一段堆栈通常不足以重建真实现场。	approved
authored.b018.technical.frontend.error-boundaries.0006	b018	Frontend	technical	technical.frontend.error_boundaries	failure_surface	technical.frontend.error_boundaries	self_talk	any	none	dry	1	168	192	1	1	neutral	异步事件里的异常不会都被渲染边界接住，回调和请求层仍需各自处理失败。	approved
authored.b018.technical.frontend.error-boundaries.0007	b018	Frontend	technical	technical.frontend.error_boundaries	failure_surface	technical.frontend.error_boundaries	self_talk	any	none	dry	1	168	192	1	1	neutral	恢复视图不要无限自动重试，真正的配置错误只会被循环刷新得更难看。	approved
authored.b018.technical.frontend.error-boundaries.0008	b018	Frontend	technical	technical.frontend.error_boundaries	failure_surface	technical.frontend.error_boundaries	self_talk	any	none	dry	1	168	192	1	1	neutral	边界组件本身尽量简单，错误处理再依赖复杂服务，失败时就容易一层层摔下去。	approved
authored.b018.technical.frontend.error-boundaries.0009	b018	Frontend	technical	technical.frontend.error_boundaries	failure_surface	technical.frontend.error_boundaries	self_talk	any	none	dry	1	168	192	1	1	neutral	网关返回未授权时，重定向和当前页面状态要协调，别让地址跳走却留下失效遮罩。	approved
authored.b018.technical.frontend.error-boundaries.0010	b018	Frontend	technical	technical.frontend.error_boundaries	failure_surface	technical.frontend.error_boundaries	self_talk	any	none	dry	1	168	192	1	1	neutral	错误页面也要满足键盘可达，鼠标可点的再试一次不该是唯一恢复出口。	approved
authored.b018.technical.frontend.error-boundaries.0011	b018	Frontend	technical	technical.frontend.error_boundaries	failure_surface	technical.frontend.error_boundaries	self_talk	any	none	dry	1	168	192	1	1	neutral	局部失败时保留可用数据，已经加载成功的内容不必陪着最后一个模块一起消失。	approved
authored.b018.technical.frontend.error-boundaries.0012	b018	Frontend	technical	technical.frontend.error_boundaries	failure_surface	technical.frontend.error_boundaries	self_talk	any	none	dry	1	168	192	1	1	neutral	网络错误和数据格式错误要分别记录，前者可能重试，后者往往需要开发侧先处理。	approved
authored.b018.technical.frontend.error-boundaries.0013	b018	Frontend	technical	technical.frontend.error_boundaries	failure_surface	technical.frontend.error_boundaries	self_talk	any	none	dry	1	168	192	1	1	neutral	边界重置条件应与路由或关键参数绑定，数据来源改变后还停在旧错误里会让人困惑。	approved
authored.b018.technical.frontend.error-boundaries.0014	b018	Frontend	technical	technical.frontend.error_boundaries	failure_surface	technical.frontend.error_boundaries	self_talk	any	none	dry	1	168	192	1	1	neutral	捕获错误时脱敏请求上下文，排查需要线索，不需要把每份输入都搬进监控平台。	approved
authored.b018.technical.frontend.error-boundaries.0015	b018	Frontend	technical	technical.frontend.error_boundaries	failure_surface	technical.frontend.error_boundaries	self_talk	any	none	dry	1	168	192	1	1	neutral	组件卸载后返回的异步结果要被忽略或取消，错误提示跑到新页面上会很莫名其妙。	approved
authored.b018.technical.frontend.error-boundaries.0016	b018	Frontend	technical	technical.frontend.error_boundaries	failure_surface	technical.frontend.error_boundaries	self_talk	any	none	dry	1	168	192	1	1	neutral	错误文案不要承诺一定没问题，诚实说明当前不可用和可采取动作更能建立信任。	approved
authored.b018.technical.frontend.error-boundaries.0017	b018	Frontend	technical	technical.frontend.error_boundaries	failure_surface	technical.frontend.error_boundaries	self_talk	any	none	dry	1	168	192	1	1	neutral	渲染异常的测试要主动触发子组件失败，只有手工点页面看不出边界是否真的接住了它。	approved
authored.b018.technical.frontend.error-boundaries.0018	b018	Frontend	technical	technical.frontend.error_boundaries	failure_surface	technical.frontend.error_boundaries	self_talk	any	none	dry	1	168	192	1	1	neutral	第三方脚本失败时提供隔离降级，广告或分析模块不该决定核心表单能不能打开。	approved
authored.b018.technical.frontend.error-boundaries.0019	b018	Frontend	technical	technical.frontend.error_boundaries	failure_surface	technical.frontend.error_boundaries	self_talk	any	none	dry	1	168	192	1	1	neutral	错误记录要有去重策略，同一渲染循环反复上报会把首个关键异常埋进噪声。	approved
authored.b018.technical.frontend.error-boundaries.0020	b018	Frontend	technical	technical.frontend.error_boundaries	failure_surface	technical.frontend.error_boundaries	self_talk	any	none	dry	1	168	192	1	1	neutral	回退 UI 使用过期缓存时标注来源，用户需要知道这是临时内容，不是刚刷新到的新结果。	approved
authored.b018.technical.frontend.error-boundaries.0021	b018	Frontend	technical	technical.frontend.error_boundaries	failure_surface	technical.frontend.error_boundaries	self_talk	any	none	dry	1	168	192	1	1	neutral	失败后的焦点位置应可预测，屏幕阅读器和键盘用户不能被留在已经消失的控件上。	approved
authored.b018.technical.frontend.error-boundaries.0022	b018	Frontend	technical	technical.frontend.error_boundaries	failure_surface	technical.frontend.error_boundaries	self_talk	any	none	dry	1	168	192	1	1	neutral	恢复操作若改变了数据，旧的乐观更新要同步回滚，视觉状态和服务端状态别各走各的。	approved
authored.b018.technical.frontend.error-boundaries.0023	b018	Frontend	technical	technical.frontend.error_boundaries	failure_surface	technical.frontend.error_boundaries	self_talk	any	none	dry	1	168	192	1	1	neutral	错误边界的监控标签要稳定，今天按组件名明天按路由名，会让趋势图难以比较。	approved
authored.b018.technical.frontend.error-boundaries.0024	b018	Frontend	technical	technical.frontend.error_boundaries	failure_surface	technical.frontend.error_boundaries	self_talk	any	none	dry	1	168	192	1	1	neutral	安全相关错误不应向页面泄露内部细节，给用户可理解的提示，把诊断留给受控日志。	approved
authored.b018.technical.frontend.error-boundaries.0025	b018	Frontend	technical	technical.frontend.error_boundaries	failure_surface	technical.frontend.error_boundaries	self_talk	any	none	dry	1	168	192	1	1	neutral	前端能把失败关在合适的房间里，整套体验就不会因为一处小故障失去秩序。	approved
authored.b018.technical.backend.idempotency.0001	b018	Backend	technical	technical.backend.idempotency	replay_safety	technical.backend.idempotency	self_talk	any	none	dry	1	168	192	1	1	neutral	幂等键应由请求语义绑定，同一用户不同操作共用一个键，会把正常请求误当成重放。	approved
authored.b018.technical.backend.idempotency.0002	b018	Backend	technical	technical.backend.idempotency	replay_safety	technical.backend.idempotency	self_talk	any	none	dry	1	168	192	1	1	neutral	服务端保存幂等结果时要带过期时间，永久缓存每次请求会让存储慢慢背上旧账。	approved
authored.b018.technical.backend.idempotency.0003	b018	Backend	technical	technical.backend.idempotency	replay_safety	technical.backend.idempotency	self_talk	any	none	dry	1	168	192	1	1	neutral	重复请求返回原结果还是当前状态要在接口里写清楚，两种承诺对调用方影响不同。	approved
authored.b018.technical.backend.idempotency.0004	b018	Backend	technical	technical.backend.idempotency	replay_safety	technical.backend.idempotency	self_talk	any	none	dry	1	168	192	1	1	neutral	幂等记录的写入和业务副作用要落在同一原子边界，否则崩溃窗口仍会留下重复风险。	approved
authored.b018.technical.backend.idempotency.0005	b018	Backend	technical	technical.backend.idempotency	replay_safety	technical.backend.idempotency	self_talk	any	none	dry	1	168	192	1	1	neutral	客户端超时不代表服务端没做完，重试前的幂等设计就是为了接住这段不确定。	approved
authored.b018.technical.backend.idempotency.0006	b018	Backend	technical	technical.backend.idempotency	replay_safety	technical.backend.idempotency	self_talk	any	none	dry	1	168	192	1	1	neutral	创建资源时用自然唯一键也能辅助去重，但键冲突语义应和幂等键的语义分开处理。	approved
authored.b018.technical.backend.idempotency.0007	b018	Backend	technical	technical.backend.idempotency	replay_safety	technical.backend.idempotency	self_talk	any	none	dry	1	168	192	1	1	neutral	同一幂等键若携带不同请求体，应拒绝并记录，这不是重试，是调用方复用了错误身份。	approved
authored.b018.technical.backend.idempotency.0008	b018	Backend	technical	technical.backend.idempotency	replay_safety	technical.backend.idempotency	self_talk	any	none	dry	1	168	192	1	1	neutral	消息消费者也需要去重，至少一次投递的世界里，重复不是异常而是正常天气。	approved
authored.b018.technical.backend.idempotency.0009	b018	Backend	technical	technical.backend.idempotency	replay_safety	technical.backend.idempotency	self_talk	any	none	dry	1	168	192	1	1	neutral	库存扣减这类动作应以业务标识建立唯一约束，单靠应用内判断很难挡住并发重放。	approved
authored.b018.technical.backend.idempotency.0010	b018	Backend	technical	technical.backend.idempotency	replay_safety	technical.backend.idempotency	self_talk	any	none	dry	1	168	192	1	1	neutral	幂等缓存命中后仍需校验访问主体，不能让一个可猜的键成为跨用户读取结果的入口。	approved
authored.b018.technical.backend.idempotency.0011	b018	Backend	technical	technical.backend.idempotency	replay_safety	technical.backend.idempotency	self_talk	any	none	dry	1	168	192	1	1	neutral	外部支付回调要按事件标识去重，回调顺序和到达次数都不该被假定为刚好一次。	approved
authored.b018.technical.backend.idempotency.0012	b018	Backend	technical	technical.backend.idempotency	replay_safety	technical.backend.idempotency	self_talk	any	none	dry	1	168	192	1	1	neutral	把幂等状态分为处理中和已完成，重复请求在第一阶段可以等待或返回明确的处理中信号。	approved
authored.b018.technical.backend.idempotency.0013	b018	Backend	technical	technical.backend.idempotency	replay_safety	technical.backend.idempotency	self_talk	any	none	dry	1	168	192	1	1	neutral	删除操作的幂等不等于永远成功，资源从未存在和已经删除，审计语义可能需要区分。	approved
authored.b018.technical.backend.idempotency.0014	b018	Backend	technical	technical.backend.idempotency	replay_safety	technical.backend.idempotency	self_talk	any	none	dry	1	168	192	1	1	neutral	幂等键范围要覆盖具体接口和版本，别让不同端点恰好撞上同一个随机字符串。	approved
authored.b018.technical.backend.idempotency.0015	b018	Backend	technical	technical.backend.idempotency	replay_safety	technical.backend.idempotency	self_talk	any	none	dry	1	168	192	1	1	neutral	失败结果是否缓存取决于可重试性，临时下游故障和输入不合法的处理策略不应混为一谈。	approved
authored.b018.technical.backend.idempotency.0016	b018	Backend	technical	technical.backend.idempotency	replay_safety	technical.backend.idempotency	self_talk	any	none	dry	1	168	192	1	1	neutral	重放保护的监控要观察冲突率，突然增高可能说明客户端退避失效或有人重复发送。	approved
authored.b018.technical.backend.idempotency.0017	b018	Backend	technical	technical.backend.idempotency	replay_safety	technical.backend.idempotency	self_talk	any	none	dry	1	168	192	1	1	neutral	事务提交后再发布事件时保留可恢复记录，幂等不仅关心当前调用，也关心后续通知。	approved
authored.b018.technical.backend.idempotency.0018	b018	Backend	technical	technical.backend.idempotency	replay_safety	technical.backend.idempotency	self_talk	any	none	dry	1	168	192	1	1	neutral	批量写入的去重粒度要明确，是整批一次还是每条一次，恢复策略会随此改变。	approved
authored.b018.technical.backend.idempotency.0019	b018	Backend	technical	technical.backend.idempotency	replay_safety	technical.backend.idempotency	self_talk	any	none	dry	1	168	192	1	1	neutral	过期后的重放应如何处理要提前定义，窗口结束不是让历史副作用变得不存在。	approved
authored.b018.technical.backend.idempotency.0020	b018	Backend	technical	technical.backend.idempotency	replay_safety	technical.backend.idempotency	self_talk	any	none	dry	1	168	192	1	1	neutral	分布式锁可以辅助协调，却不替代持久层唯一约束，断链后的世界仍需要最后一道门。	approved
authored.b018.technical.backend.idempotency.0021	b018	Backend	technical	technical.backend.idempotency	replay_safety	technical.backend.idempotency	self_talk	any	none	dry	1	168	192	1	1	neutral	返回已处理响应时包含原始请求时间，调用方更容易判断这是新执行还是一次安全重放。	approved
authored.b018.technical.backend.idempotency.0022	b018	Backend	technical	technical.backend.idempotency	replay_safety	technical.backend.idempotency	self_talk	any	none	dry	1	168	192	1	1	neutral	幂等实现的压测应模拟同时到达的同键请求，串行测试看不见真正会争抢的那扇门。	approved
authored.b018.technical.backend.idempotency.0023	b018	Backend	technical	technical.backend.idempotency	replay_safety	technical.backend.idempotency	self_talk	any	none	dry	1	168	192	1	1	neutral	事件版本变更后，去重标识的组成也要复查，旧字段不足以唯一描述新语义时会漏网。	approved
authored.b018.technical.backend.idempotency.0024	b018	Backend	technical	technical.backend.idempotency	replay_safety	technical.backend.idempotency	self_talk	any	none	dry	1	168	192	1	1	neutral	业务代码中每次调用外部系统前都问一句能否重复，这句小检查能省下很多后续补偿。	approved
authored.b018.technical.backend.idempotency.0025	b018	Backend	technical	technical.backend.idempotency	replay_safety	technical.backend.idempotency	self_talk	any	none	dry	1	168	192	1	1	neutral	幂等边界划得清楚，网络偶尔的反复无常就不会轻易变成业务世界里的重复伤痕。	approved
authored.b018.technical.backend.job-orchestration.0001	b018	Backend	technical	technical.backend.job_orchestration	background_flow	technical.backend.job_orchestration	self_talk	any	none	playful	1	168	192	1	1	playful_friend	后台任务入队前先定义完成标准，任务跑完了却不知道产物在哪，队列也会有点无奈。	approved
authored.b018.technical.backend.job-orchestration.0002	b018	Backend	technical	technical.backend.job_orchestration	background_flow	technical.backend.job_orchestration	self_talk	any	none	playful	1	168	192	1	1	playful_friend	任务状态分开记录排队、执行和收尾，只有成功或失败两格时，中间的等待会没地方站。	approved
authored.b018.technical.backend.job-orchestration.0003	b018	Backend	technical	technical.backend.job_orchestration	background_flow	technical.backend.job_orchestration	self_talk	any	none	playful	1	168	192	1	1	playful_friend	重试任务要带上尝试次数和下一次时间，盲目立刻重投只会让失败队伍越排越急。	approved
authored.b018.technical.backend.job-orchestration.0004	b018	Backend	technical	technical.backend.job_orchestration	background_flow	technical.backend.job_orchestration	self_talk	any	none	playful	1	168	192	1	1	playful_friend	死信队列不是任务坟场，它应保留失败原因和可重新驱动的入口。	approved
authored.b018.technical.backend.job-orchestration.0005	b018	Backend	technical	technical.backend.job_orchestration	background_flow	technical.backend.job_orchestration	self_talk	any	none	playful	1	168	192	1	1	playful_friend	消费者并发度按下游容量调节，开得越大不一定越快，可能只会更整齐地排队。	approved
authored.b018.technical.backend.job-orchestration.0006	b018	Backend	technical	technical.backend.job_orchestration	background_flow	technical.backend.job_orchestration	self_talk	any	none	playful	1	168	192	1	1	playful_friend	任务超时后是否还能继续执行要有约定，取消信号没传到底时，后台可不会自动读懂心思。	approved
authored.b018.technical.backend.job-orchestration.0007	b018	Backend	technical	technical.backend.job_orchestration	background_flow	technical.backend.job_orchestration	self_talk	any	none	playful	1	168	192	1	1	playful_friend	批处理任务拆分后保留父子关联，单个分片失败时才能知道该补哪一段，不必全盘重来。	approved
authored.b018.technical.backend.job-orchestration.0008	b018	Backend	technical	technical.backend.job_orchestration	background_flow	technical.backend.job_orchestration	self_talk	any	none	playful	1	168	192	1	1	playful_friend	延迟队列依赖时间精度，时钟漂移会让该出现的任务提前或迟到，别只怪调度器。	approved
authored.b018.technical.backend.job-orchestration.0009	b018	Backend	technical	technical.backend.job_orchestration	background_flow	technical.backend.job_orchestration	self_talk	any	none	playful	1	168	192	1	1	playful_friend	长任务汇报进度时限制更新频率，过于勤快的状态写入会反过来抢走真正的工作时间。	approved
authored.b018.technical.backend.job-orchestration.0010	b018	Backend	technical	technical.backend.job_orchestration	background_flow	technical.backend.job_orchestration	self_talk	any	none	playful	1	168	192	1	1	playful_friend	任务参数应在入队时冻结，执行时再读取可变配置，昨天的请求可能会被今天的规则改写。	approved
authored.b018.technical.backend.job-orchestration.0011	b018	Backend	technical	technical.backend.job_orchestration	background_flow	technical.backend.job_orchestration	self_talk	any	none	playful	1	168	192	1	1	playful_friend	优先级队列需要防饥饿策略，高优任务永不停歇时，低优任务也该有一条慢慢向前的路。	approved
authored.b018.technical.backend.job-orchestration.0012	b018	Backend	technical	technical.backend.job_orchestration	background_flow	technical.backend.job_orchestration	self_talk	any	none	playful	1	168	192	1	1	playful_friend	同一资源的任务若必须保序，分区键要稳定，随机分配消费者会让顺序悄悄散架。	approved
authored.b018.technical.backend.job-orchestration.0013	b018	Backend	technical	technical.backend.job_orchestration	background_flow	technical.backend.job_orchestration	self_talk	any	none	playful	1	168	192	1	1	playful_friend	任务执行日志带上工作编号，批量系统里没有编号的日志像一屋子同时说话的人。	approved
authored.b018.technical.backend.job-orchestration.0014	b018	Backend	technical	technical.backend.job_orchestration	background_flow	technical.backend.job_orchestration	self_talk	any	none	playful	1	168	192	1	1	playful_friend	资源密集型任务应与轻量任务隔离，报表慢一阵不该顺手拖住通知发送。	approved
authored.b018.technical.backend.job-orchestration.0015	b018	Backend	technical	technical.backend.job_orchestration	background_flow	technical.backend.job_orchestration	self_talk	any	none	playful	1	168	192	1	1	playful_friend	重放死信任务前校验依赖是否恢复，反复按同一个按钮不会把缺失配置变回来。	approved
authored.b018.technical.backend.job-orchestration.0016	b018	Backend	technical	technical.backend.job_orchestration	background_flow	technical.backend.job_orchestration	self_talk	any	none	playful	1	168	192	1	1	playful_friend	调度器实例切换时使用租约或领导者机制，两个指挥同时发令，定时任务就容易演成合唱。	approved
authored.b018.technical.backend.job-orchestration.0017	b018	Backend	technical	technical.backend.job_orchestration	background_flow	technical.backend.job_orchestration	self_talk	any	none	playful	1	168	192	1	1	playful_friend	任务失败告警按类别聚合，网络短抖和数据坏样本不该让同一个报警铃重复响。	approved
authored.b018.technical.backend.job-orchestration.0018	b018	Backend	technical	technical.backend.job_orchestration	background_flow	technical.backend.job_orchestration	self_talk	any	none	playful	1	168	192	1	1	playful_friend	工作结果的大对象别直接塞回队列，存储引用和状态摘要会让调度更轻巧。	approved
authored.b018.technical.backend.job-orchestration.0019	b018	Backend	technical	technical.backend.job_orchestration	background_flow	technical.backend.job_orchestration	self_talk	any	none	playful	1	168	192	1	1	playful_friend	任务幂等和任务调度要配套，至少一次消费不是例外，是队列给出的现实提醒。	approved
authored.b018.technical.backend.job-orchestration.0020	b018	Backend	technical	technical.backend.job_orchestration	background_flow	technical.backend.job_orchestration	self_talk	any	none	playful	1	168	192	1	1	playful_friend	执行器优雅关闭时先暂停拉取，再等在手任务收尾，关门前别继续往屋里搬箱子。	approved
authored.b018.technical.backend.job-orchestration.0021	b018	Backend	technical	technical.backend.job_orchestration	background_flow	technical.backend.job_orchestration	self_talk	any	none	playful	1	168	192	1	1	playful_friend	任务调度的时区要在业务层明确，服务器时区偷偷改变时，早晨任务可能先去深夜报到。	approved
authored.b018.technical.backend.job-orchestration.0022	b018	Backend	technical	technical.backend.job_orchestration	background_flow	technical.backend.job_orchestration	self_talk	any	none	playful	1	168	192	1	1	playful_friend	支持人工取消时记录取消来源，自动超时和人为终止长得相似，后续分析却完全不同。	approved
authored.b018.technical.backend.job-orchestration.0023	b018	Backend	technical	technical.backend.job_orchestration	background_flow	technical.backend.job_orchestration	self_talk	any	none	playful	1	168	192	1	1	playful_friend	队列深度只是一个信号，结合最老任务年龄看，才知道积压是在散步还是在堵车。	approved
authored.b018.technical.backend.job-orchestration.0024	b018	Backend	technical	technical.backend.job_orchestration	background_flow	technical.backend.job_orchestration	self_talk	any	none	playful	1	168	192	1	1	playful_friend	升级任务处理器时保留旧版本兼容窗口，排队中的老消息不会因为部署完成就自己换装。	approved
authored.b018.technical.backend.job-orchestration.0025	b018	Backend	technical	technical.backend.job_orchestration	background_flow	technical.backend.job_orchestration	self_talk	any	none	playful	1	168	192	1	1	playful_friend	后台工作被安排得明明白白，系统忙起来也能有节奏，不必让每条消息自己找路。	approved
authored.b018.technical.backend.request-validation.0001	b018	Backend	technical	technical.backend.request_validation	input_boundary	technical.backend.request_validation	self_talk	any	none	dry	1	168	192	1	1	neutral	请求校验先区分语法和业务规则，字段格式正确不代表当前状态允许这次操作。	approved
authored.b018.technical.backend.request-validation.0002	b018	Backend	technical	technical.backend.request_validation	input_boundary	technical.backend.request_validation	self_talk	any	none	dry	1	168	192	1	1	neutral	服务端永远重新验证输入，前端校验提升体验，却不能替后端守住边界。	approved
authored.b018.technical.backend.request-validation.0003	b018	Backend	technical	technical.backend.request_validation	input_boundary	technical.backend.request_validation	self_talk	any	none	dry	1	168	192	1	1	neutral	必填字段和显式空值的区别写进契约，默认值不该替调用方猜测遗漏的意图。	approved
authored.b018.technical.backend.request-validation.0004	b018	Backend	technical	technical.backend.request_validation	input_boundary	technical.backend.request_validation	self_talk	any	none	dry	1	168	192	1	1	neutral	输入长度上限既保护存储也保护日志，长文本不受控时，失败路径也会被一起撑大。	approved
authored.b018.technical.backend.request-validation.0005	b018	Backend	technical	technical.backend.request_validation	input_boundary	technical.backend.request_validation	self_talk	any	none	dry	1	168	192	1	1	neutral	枚举值未知时给出明确拒绝，不要静默映射到默认动作，升级客户端时这种宽容会变成隐患。	approved
authored.b018.technical.backend.request-validation.0006	b018	Backend	technical	technical.backend.request_validation	input_boundary	technical.backend.request_validation	self_talk	any	none	dry	1	168	192	1	1	neutral	校验错误按字段返回机器可读代码，展示文案可以变，调用方判断逻辑不该跟着漂移。	approved
authored.b018.technical.backend.request-validation.0007	b018	Backend	technical	technical.backend.request_validation	input_boundary	technical.backend.request_validation	self_talk	any	none	dry	1	168	192	1	1	neutral	数值范围检查要考虑单位，毫秒和秒写进同一字段时，再精确的比较也会走错方向。	approved
authored.b018.technical.backend.request-validation.0008	b018	Backend	technical	technical.backend.request_validation	input_boundary	technical.backend.request_validation	self_talk	any	none	dry	1	168	192	1	1	neutral	日期输入先解析再比较，字符串字典序只在格式完全固定时才碰巧看起来正确。	approved
authored.b018.technical.backend.request-validation.0009	b018	Backend	technical	technical.backend.request_validation	input_boundary	technical.backend.request_validation	self_talk	any	none	dry	1	168	192	1	1	neutral	正则校验设置长度边界，过于复杂的模式遇到恶意输入时会让 CPU 陷进不必要的忙碌。	approved
authored.b018.technical.backend.request-validation.0010	b018	Backend	technical	technical.backend.request_validation	input_boundary	technical.backend.request_validation	self_talk	any	none	dry	1	168	192	1	1	neutral	嵌套对象校验别只停在第一层，外壳合法而内部缺项时，后续逻辑仍然会收到坏数据。	approved
authored.b018.technical.backend.request-validation.0011	b018	Backend	technical	technical.backend.request_validation	input_boundary	technical.backend.request_validation	self_talk	any	none	dry	1	168	192	1	1	neutral	文件上传先验证内容和大小，扩展名只是用户给的一件外套，不能替真正类型作证。	approved
authored.b018.technical.backend.request-validation.0012	b018	Backend	technical	technical.backend.request_validation	input_boundary	technical.backend.request_validation	self_talk	any	none	dry	1	168	192	1	1	neutral	批量请求逐项校验时明确原子性，部分通过和全部拒绝都是合理选择，模糊才最伤人。	approved
authored.b018.technical.backend.request-validation.0013	b018	Backend	technical	technical.backend.request_validation	input_boundary	technical.backend.request_validation	self_talk	any	none	dry	1	168	192	1	1	neutral	字符规范化应发生在业务比较前，视觉相同的 Unicode 字符可能在存储里完全不是同一个人。	approved
authored.b018.technical.backend.request-validation.0014	b018	Backend	technical	technical.backend.request_validation	input_boundary	technical.backend.request_validation	self_talk	any	none	dry	1	168	192	1	1	neutral	未知字段是忽略还是拒绝要随版本策略定，安全敏感接口通常更适合保守一点。	approved
authored.b018.technical.backend.request-validation.0015	b018	Backend	technical	technical.backend.request_validation	input_boundary	technical.backend.request_validation	self_talk	any	none	dry	1	168	192	1	1	neutral	参数之间的关联约束应写成可读规则，单字段都通过却组合无效，是很常见的边界漏洞。	approved
authored.b018.technical.backend.request-validation.0016	b018	Backend	technical	technical.backend.request_validation	input_boundary	technical.backend.request_validation	self_talk	any	none	dry	1	168	192	1	1	neutral	校验层不要顺便执行副作用，验证失败时已经创建了资源，回滚复杂度会突然上来。	approved
authored.b018.technical.backend.request-validation.0017	b018	Backend	technical	technical.backend.request_validation	input_boundary	technical.backend.request_validation	self_talk	any	none	dry	1	168	192	1	1	neutral	错误响应限制回显输入内容，特别是令牌和密码字段，帮助定位不能替隐私让路。	approved
authored.b018.technical.backend.request-validation.0018	b018	Backend	technical	technical.backend.request_validation	input_boundary	technical.backend.request_validation	self_talk	any	none	dry	1	168	192	1	1	neutral	把验证规则提到共享契约时仍保留服务端独立执行，客户端 SDK 版本不会永远齐步走。	approved
authored.b018.technical.backend.request-validation.0019	b018	Backend	technical	technical.backend.request_validation	input_boundary	technical.backend.request_validation	self_talk	any	none	dry	1	168	192	1	1	neutral	校验顺序可优先处理廉价规则，先挡掉显然不合法请求，昂贵查询才不至于白跑。	approved
authored.b018.technical.backend.request-validation.0020	b018	Backend	technical	technical.backend.request_validation	input_boundary	technical.backend.request_validation	self_talk	any	none	dry	1	168	192	1	1	neutral	请求体解析失败和字段校验失败应区分记录，前者说明格式边界被碰到，后者说明规则没满足。	approved
authored.b018.technical.backend.request-validation.0021	b018	Backend	technical	technical.backend.request_validation	input_boundary	technical.backend.request_validation	self_talk	any	none	dry	1	168	192	1	1	neutral	用户输入的路径和查询条件都要参数化处理，校验只是第一道门，拼接仍会留下缝隙。	approved
authored.b018.technical.backend.request-validation.0022	b018	Backend	technical	technical.backend.request_validation	input_boundary	technical.backend.request_validation	self_talk	any	none	dry	1	168	192	1	1	neutral	规则变更时保留兼容期或版本号，突然收紧校验会让老客户端在没有预警的地方碰壁。	approved
authored.b018.technical.backend.request-validation.0023	b018	Backend	technical	technical.backend.request_validation	input_boundary	technical.backend.request_validation	self_talk	any	none	dry	1	168	192	1	1	neutral	验证失败指标按原因分组，某个字段突增的错误率可能是在提醒一次前端发布偏了。	approved
authored.b018.technical.backend.request-validation.0024	b018	Backend	technical	technical.backend.request_validation	input_boundary	technical.backend.request_validation	self_talk	any	none	dry	1	168	192	1	1	neutral	业务校验读到过期副本时要考虑一致性，刚被占用的名额不该因为缓存滞后又被发出去。	approved
authored.b018.technical.backend.request-validation.0025	b018	Backend	technical	technical.backend.request_validation	input_boundary	technical.backend.request_validation	self_talk	any	none	dry	1	168	192	1	1	neutral	输入边界被认真守住，后面的业务代码才可以少一些防备，多一些专注。	approved
authored.b018.technical.backend.tenant-isolation.0001	b018	Backend	technical	technical.backend.tenant_isolation	data_partition	technical.backend.tenant_isolation	self_talk	any	none	dry	1	168	192	1	1	neutral	多租户查询把租户条件放在数据访问边界，靠每个调用点自觉添加，迟早会漏一处。	approved
authored.b018.technical.backend.tenant-isolation.0002	b018	Backend	technical	technical.backend.tenant_isolation	data_partition	technical.backend.tenant_isolation	self_talk	any	none	dry	1	168	192	1	1	neutral	租户标识来自认证上下文，不该信任请求体里随手传来的一个编号。	approved
authored.b018.technical.backend.tenant-isolation.0003	b018	Backend	technical	technical.backend.tenant_isolation	data_partition	technical.backend.tenant_isolation	self_talk	any	none	dry	1	168	192	1	1	neutral	缓存键必须带上租户范围，否则命中速度再快，也可能把一份结果送到不该看到的地方。	approved
authored.b018.technical.backend.tenant-isolation.0004	b018	Backend	technical	technical.backend.tenant_isolation	data_partition	technical.backend.tenant_isolation	self_talk	any	none	dry	1	168	192	1	1	neutral	后台任务执行时恢复租户上下文，离开 HTTP 请求后，隔离条件不会自己跟着消息旅行。	approved
authored.b018.technical.backend.tenant-isolation.0005	b018	Backend	technical	technical.backend.tenant_isolation	data_partition	technical.backend.tenant_isolation	self_talk	any	none	dry	1	168	192	1	1	neutral	管理员跨租户操作应走显式授权路径，万能管理员标志藏在普通接口里会让审计变得模糊。	approved
authored.b018.technical.backend.tenant-isolation.0006	b018	Backend	technical	technical.backend.tenant_isolation	data_partition	technical.backend.tenant_isolation	self_talk	any	none	dry	1	168	192	1	1	neutral	导出文件按租户隔离命名和权限，批量任务最怕在最终产物那一步把边界混掉。	approved
authored.b018.technical.backend.tenant-isolation.0007	b018	Backend	technical	technical.backend.tenant_isolation	data_partition	technical.backend.tenant_isolation	self_talk	any	none	dry	1	168	192	1	1	neutral	租户删除或停用后，异步队列中的旧任务也要被拦住，历史消息不该重新唤回已关闭空间。	approved
authored.b018.technical.backend.tenant-isolation.0008	b018	Backend	technical	technical.backend.tenant_isolation	data_partition	technical.backend.tenant_isolation	self_talk	any	none	dry	1	168	192	1	1	neutral	统计报表聚合前先定义匿名化边界，跨租户总览不意味着原始明细可以一起流动。	approved
authored.b018.technical.backend.tenant-isolation.0009	b018	Backend	technical	technical.backend.tenant_isolation	data_partition	technical.backend.tenant_isolation	self_talk	any	none	dry	1	168	192	1	1	neutral	租户配置缓存更新要有失效策略，换了套餐却仍按旧额度执行，体验和账务都会变得尴尬。	approved
authored.b018.technical.backend.tenant-isolation.0010	b018	Backend	technical	technical.backend.tenant_isolation	data_partition	technical.backend.tenant_isolation	self_talk	any	none	dry	1	168	192	1	1	neutral	数据迁移按租户批次推进时记录进度，失败后能从断点续上，比整库重跑稳妥得多。	approved
authored.b018.technical.backend.tenant-isolation.0011	b018	Backend	technical	technical.backend.tenant_isolation	data_partition	technical.backend.tenant_isolation	self_talk	any	none	dry	1	168	192	1	1	neutral	搜索索引同样需要租户过滤，数据库隔开了而搜索漏了，边界仍然没有守住。	approved
authored.b018.technical.backend.tenant-isolation.0012	b018	Backend	technical	technical.backend.tenant_isolation	data_partition	technical.backend.tenant_isolation	self_talk	any	none	dry	1	168	192	1	1	neutral	日志里租户标识应是可控标签，不要把业务名称和敏感内容直接当成检索维度。	approved
authored.b018.technical.backend.tenant-isolation.0013	b018	Backend	technical	technical.backend.tenant_isolation	data_partition	technical.backend.tenant_isolation	self_talk	any	none	dry	1	168	192	1	1	neutral	分库分表策略要处理小租户和大租户的差异，平均分布的假设在真实增长里很容易破功。	approved
authored.b018.technical.backend.tenant-isolation.0014	b018	Backend	technical	technical.backend.tenant_isolation	data_partition	technical.backend.tenant_isolation	self_talk	any	none	dry	1	168	192	1	1	neutral	资源配额检查应在真正创建前原子完成，先查再写的空隙会让并发请求一起越过门槛。	approved
authored.b018.technical.backend.tenant-isolation.0015	b018	Backend	technical	technical.backend.tenant_isolation	data_partition	technical.backend.tenant_isolation	self_talk	any	none	dry	1	168	192	1	1	neutral	服务间调用传递租户身份时采用可验证凭据，简单请求头被篡改后会失去隔离意义。	approved
authored.b018.technical.backend.tenant-isolation.0016	b018	Backend	technical	technical.backend.tenant_isolation	data_partition	technical.backend.tenant_isolation	self_talk	any	none	dry	1	168	192	1	1	neutral	测试隔离不仅测正常查询，还要故意换错租户标识，拒绝路径才是真正的门锁检查。	approved
authored.b018.technical.backend.tenant-isolation.0017	b018	Backend	technical	technical.backend.tenant_isolation	data_partition	technical.backend.tenant_isolation	self_talk	any	none	dry	1	168	192	1	1	neutral	跨租户共享的公共数据需要显式来源，不要让缺失租户条件的记录看起来像被默认共享。	approved
authored.b018.technical.backend.tenant-isolation.0018	b018	Backend	technical	technical.backend.tenant_isolation	data_partition	technical.backend.tenant_isolation	self_talk	any	none	dry	1	168	192	1	1	neutral	备份恢复演练应验证恢复后仍带隔离边界，数据回来不等于访问控制也一起回来。	approved
authored.b018.technical.backend.tenant-isolation.0019	b018	Backend	technical	technical.backend.tenant_isolation	data_partition	technical.backend.tenant_isolation	self_talk	any	none	dry	1	168	192	1	1	neutral	审计事件带上操作者和目标租户，跨边界操作发生时，后续追查才有完整路线。	approved
authored.b018.technical.backend.tenant-isolation.0020	b018	Backend	technical	technical.backend.tenant_isolation	data_partition	technical.backend.tenant_isolation	self_talk	any	none	dry	1	168	192	1	1	neutral	租户级限流和全局限流分开配置，一个异常租户不该把所有人的服务一起挤慢。	approved
authored.b018.technical.backend.tenant-isolation.0021	b018	Backend	technical	technical.backend.tenant_isolation	data_partition	technical.backend.tenant_isolation	self_talk	any	none	dry	1	168	192	1	1	neutral	迁移脚本读取数据时也要带分区条件，后台脚本最容易被误认为拥有无限范围。	approved
authored.b018.technical.backend.tenant-isolation.0022	b018	Backend	technical	technical.backend.tenant_isolation	data_partition	technical.backend.tenant_isolation	self_talk	any	none	dry	1	168	192	1	1	neutral	租户上下文缺失时默认拒绝，比默认给一个公共空间更能保护真正的隔离规则。	approved
authored.b018.technical.backend.tenant-isolation.0023	b018	Backend	technical	technical.backend.tenant_isolation	data_partition	technical.backend.tenant_isolation	self_talk	any	none	dry	1	168	192	1	1	neutral	性能优化里拆掉租户过滤前先评估安全代价，少一个条件的速度不值得换一条越界通道。	approved
authored.b018.technical.backend.tenant-isolation.0024	b018	Backend	technical	technical.backend.tenant_isolation	data_partition	technical.backend.tenant_isolation	self_talk	any	none	dry	1	168	192	1	1	neutral	租户合并或拆分时建立映射审计，标识变化若没有记录，历史数据会慢慢失去归属。	approved
authored.b018.technical.backend.tenant-isolation.0025	b018	Backend	technical	technical.backend.tenant_isolation	data_partition	technical.backend.tenant_isolation	self_talk	any	none	dry	1	168	192	1	1	neutral	隔离不是一处 where 条件，而是从身份、缓存到任务的一整条边界纪律。	approved
